OBP_RAW V1
A6 07 10 AB 0E 18 24
DAC01D
FF4DA8
0044 0000 0049 00 00 00 00 00 00 00 00 00 00 00 00 00 00 00 00 00 00 00 00 00 00 00 00 00 00 00 00 00 00 00 00 00 00 00 00 00 00 00 00 00 00 00 00 00 00 00 00 00 00 00 00 00 00 00 00 00 00 00 00 00 00 00 00 00 00 00 00 00 00 00 00 00
0026 0000 0040 10 00 00 00 00 00 00 00 00 00 00 00 00 00 00 00 00 00 00 00 00 00 00 00 00 00 00 00 00 00 00 00 00 00 00 00 00 00 00 00 00 00 00 00 00 00 00 00 00 00 00 00 00 00 00 00 00 00 00 00 00 00 00 00
0047 0000 00C8 00 00 00 32 00 02 00 00 00 00 85 C5 00 00 00 00 00 00 00 00 23 23 01 01 01 01 05 00 01 02 12 0F 05 02 05 01 1E 00 00 00 00 00 00 00 00 00 00 00 00 00 00 00 00 00 00 00 00 00 00 00 00 00 00 00 00 00 00 00 00 00 00 00 00 00 00 00 00 00 00 00 00 00 00 00 00 00 00 00 00 00 00 00 00 00 00 00 00 00 00 00 00 00 00 00 00 00 00 00 00 00 00 00 00 00 00 00 00 00 00 00 00 00 00 00 00 00 00 00 00 00 00 00 00 00 00 00 00 00 00 00 00 00 00 00 00 00 00 00 00 00 00 00 00 00 00 00 00 00 00 00 00 00 00 00 00 00 00 00 00 00 00 00 00 00 00 00 00 00 00 00 00 00 00 00 00 00 00 00 00 00 00 00 00 00 00 00 00 00 00 00
006E 0000 0030 8E 00 9F 00 9B 00 98 00 7D 00 69 00 91 00 A1 00 94 00 8C 00 6E 00 5B 00 96 00 99 00 93 00 83 00 7C 00 75 00 9A 00 A1 00 94 00 76 00 6C 00 5C 00
006E 0001 0030 6F 00 85 00 83 00 00 00 93 00 00 00 8A 00 00 00 88 00 00 00 7B 00 6E 00 00 00 73 00 00 00 79 00 83 00 00 00 75 00 75 00 00 00 72 00 00 00 00 00
006E 0002 0030 F9 00 F9 00 F9 00 F9 00 F9 00 F9 00 F9 00 F9 00 F9 00 F9 00 F9 00 F9 00 F9 00 F9 00 F9 00 F9 00 F9 00 F9 00 F9 00 F9 00 F9 00 F9 00 F9 00 00 00
006E 0003 0030 0D 00 00 00 0C 00 00 00 0C 00 00 00 0C 00 00 00 0C 00 00 00 0C 00 0D 00 00 00 0C 00 00 00 0C 00 0C 00 00 00 0D 00 0D 00 00 00 0D 00 00 00 00 00
0007 0000 0005 20 08 0A 40 00
0008 0000 000F 30 00 05 02 00 00 00 08 00 00 0B 01 01 01 02
000F 0000 000B 0B 0E 00 01 03 01 0A 28 02 0A 00
0012 0000 0002 00 00
0019 0000 0010 03 00 C8 32 9F 0F C8 32 B8 0B C8 88 13 40 1F 00
0028 0000 0005 00 00 00 00 00
002A 0000 000D 21 00 FF 28 80 05 00 00 14 00 00 03 00
002E 0000 000C 00 00 20 20 00 00 00 00 00 00 00 00
002F 0000 002F 00 00 00 00 00 00 00 00 00 00 00 00 00 00 00 00 00 00 00 00 00 00 00 00 00 00 00 00 00 00 00 00 00 00 00 00 00 00 00 00 00 00 00 00 00 00 00
0038 0000 0012 01 00 01 21 03 03 04 04 04 04 04 05 05 05 05 05 05 00
003D 0000 0005 01 00 00 40 1F
003D 0001 0005 00 00 00 00 00
003D 0002 0005 00 00 00 00 00
003D 0003 0005 00 00 00 00 00
003D 0004 0005 00 00 00 00 00
003D 0005 0005 00 00 00 00 00
0041 0000 0017 81 0C 00 00 00 00 00 00 00 00 08 00 00 00 00 00 00 11 00 00 00 00 00
0041 0001 0017 00 00 00 00 00 00 00 00 00 00 00 00 00 00 00 00 00 00 00 00 00 00 00
0041 0002 0017 00 00 00 00 00 00 00 00 00 00 00 00 00 00 00 00 00 00 00 00 00 00 00
0046 0000 000A 01 1A 00 64 00 00 31 03 00 01
0046 0001 000A 01 17 00 64 00 00 31 05 00 01
0046 0002 000A 01 15 00 64 00 00 31 05 00 01
0046 0003 000A 01 1A 00 50 00 00 05 0A 00 00
0046 0004 000A 01 17 00 50 00 00 05 0B 00 00
0046 0005 000A 01 15 00 50 00 00 05 0B 00 00
0046 0006 000A 01 78 00 68 00 00 04 14 00 00
0046 0007 000A 01 78 00 64 00 00 20 15 00 00
0046 0008 000A 01 78 00 08 00 00 02 16 00 01
0046 0009 000A 01 78 00 6F 00 00 06 18 00 01
0046 000A 000A 01 78 00 6F 00 00 12 1A 00 00
0046 000B 000A 01 78 00 68 00 00 09 14 00 00
0046 000C 000A 01 79 00 3D 00 00 01 1C 00 00
0046 000D 000A 01 0D 00 68 00 00 04 1E 00 00
0046 000E 000A 01 0D 00 68 00 00 09 1E 00 00
0046 000F 000A 01 0D 00 6F 00 00 06 22 00 01
0046 0010 000A 01 0D 00 6F 00 00 12 24 00 00
0046 0011 000A 01 0D 00 64 00 00 20 1F 00 00
0046 0012 000A 01 0D 00 08 00 00 02 20 00 01
0046 0013 000A 01 78 00 3D 00 00 01 1D 00 00
0048 0000 0059 7D 00 00 01 00 05 0A 05 05 06 14 0C 05 05 20 64 00 0A 00 00 00 00 18 28 3C 5F 20 20 20 20 20 20 20 20 20 20 00 00 0F 00 01 00 05 08 18 27 30 30 30 30 30 30 30 30 30 30 00 0A 19 33 09 02 08 0C 1B 27 40 40 40 40 40 40 40 40 40 40 00 06 00 22 00 00 00 00 00 00 00 00 00
004D 0000 0002 00 00
004E 0000 000C 84 03 02 01 0A 02 24 00 8C 0E 05 03
0050 0000 000E 01 01 78 50 14 C5 00 50 01 02 19 0A 00 00
0051 0000 0012 00 00 00 00 00 00 00 00 00 00 00 00 00 00 00 00 00 00
0051 0001 0012 00 00 00 00 00 00 00 00 00 00 00 00 00 00 00 00 00 00
0051 0002 0012 00 00 00 00 00 00 00 00 00 00 00 00 00 00 00 00 00 00
0051 0003 0012 00 00 00 00 00 00 00 00 00 00 00 00 00 00 00 00 00 00
005D 0000 001E 0D 4F 00 1F 08 4F 00 AF 0E 00 00 00 00 00 00 00 00 00 00 00 96 00 2C 01 01 64 00 64 00 00
0064 0000 003E 8F 10 00 00 00 00 0A 88 00 0D 30 0D 0E 6F 08 22 35 2D 64 00 17 30 08 08 FF 0E 14 22 0A 06 28 12 0F 00 50 14 50 0A 00 01 01 01 00 0A 42 FA 28 1E 00 02 00 0A 0A 02 A1 35 B7 64 93 24 00 78
0068 0000 000B 01 0E 3C 0F 12 05 0C 3C 0F 12 05
006C 0000 004B 00 00 00 00 00 00 00 00 00 00 00 00 00 00 00 00 00 00 00 00 00 00 00 00 00 00 00 00 00 00 00 00 00 00 00 00 00 00 00 00 00 00 00 00 00 00 00 00 00 00 00 00 00 00 00 00 00 00 00 00 00 00 00 00 00 00 00 00 00 00 00 00 00 00 00
006D 0000 0009 00 00 05 00 00 00 00 00 04
006F 0000 001E 00 00 32 2D 18 18 05 01 00 1E 00 00 00 00 00 00 00 00 1E 00 33 28 00 00 00 00 81 0F 0F 12
006F 0001 001E 00 08 32 2D 30 30 00 00 00 00 00 00 00 00 00 00 00 00 00 00 00 00 00 00 00 00 00 00 00 00
0071 0000 0003 05 04 06
0073 0000 0014 00 00 00 00 00 00 00 00 00 00 00 00 00 00 00 00 00 00 00 00
0074 0000 00FF 00 00 00 00 00 00 00 00 00 00 00 00 00 00 00 00 00 00 00 00 00 00 00 00 00 00 00 00 00 00 00 00 00 00 00 00 00 00 00 00 00 00 00 00 00 00 00 00 00 00 00 00 00 00 00 00 00 00 00 00 00 00 00 00 00 00 00 00 00 00 00 00 00 00 00 00 00 00 00 00 00 00 00 00 00 00 00 00 00 00 00 00 00 00 00 00 00 00 00 00 00 00 00 00 00 00 00 00 00 00 00 00 00 00 00 00 00 00 00 00 00 00 00 00 00 00 00 00 00 00 00 00 00 00 00 00 00 00 00 00 00 00 00 00 00 00 00 00 00 00 00 00 00 00 00 00 00 00 00 00 00 00 00 00 00 00 00 00 00 00 00 00 00 00 00 00 00 00 00 00 00 00 00 00 00 00 00 00 00 00 00 00 00 00 00 00 00 00 00 00 00 00 00 00 00 00 00 00 00 00 00 00 00 00 00 00 00 00 00 00 00 00 00 00 00 00 00 00 00 00 00 00 00 00 00 00 00 00 00 00 00 00 00 00 00 00 00 00 00 00 00 00 00 00 00
0079 0000 0003 00 00 00
